[bedbreak.jpg]
filters=PencilSketch=1,2.000000,100.000000,0.000000;
moddate=01506b70b601d201
width=300
height=250
textactive=0
